Time	Temperature (°F)	Dew Point (°F)	Humidity (%)	Wind Speed (mph)	Pressure (in)	Precipitation (in)
Dec
3
4
5
6
7
8
9	
Max	Avg	Min
74	58.5	43
68	54.0	39
72	50.6	35
69	51.0	38
72	57.5	38
74	66.4	57
76	67.9	52	
Max	Avg	Min
41	36.5	31
39	34.2	30
46	39.9	33
43	38.6	35
61	50.9	36
66	62.2	56
68	54.9	30	
Max	Avg	Min
86	48.4	21
89	51.4	24
97	71.6	36
97	68.3	32
100	80.1	59
97	86.7	68
100	66.8	36	
Max	Avg	Min
16	6.8	0
13	6.0	0
5	1.6	0
7	2.0	0
16	8.0	0
16	9.3	0
25	11.5	0	
Max	Avg	Min
29.5	29.4	29.4
29.6	29.6	29.4
29.8	29.7	29.6
29.8	29.8	29.7
29.6	29.5	29.3
29.3	29.3	29.2
29.7	29.4	29.3	
Total
0.00
0.00
0.00
0.00
0.00
0.00
0.00

Time	Temperature (°F)	Dew Point (°F)	Humidity (%)	Wind Speed (mph)	Pressure (in)	Precipitation (in)
Dec
10
11
12
13
14
15
16	
Max	Avg	Min
59	46.5	30
65	43.6	25
68	53.3	34
56	54.6	52
69	58.8	49
65	59.3	54
65	51.1	39	
Max	Avg	Min
28	21.9	17
33	27.8	23
50	42.6	32
51	44.7	37
56	48.1	39
60	56.7	52
50	41.5	36	
Max	Avg	Min
85	41.7	20
92	61.2	24
96	69.6	44
97	70.4	51
83	68.2	53
100	91.1	80
100	73.3	39	
Max	Avg	Min
21	9.8	0
15	4.6	0
13	6.5	0
10	7.6	3
12	7.7	5
14	7.7	0
22	7.6	0	
Max	Avg	Min
29.9	29.7	29.6
29.7	29.6	29.6
29.8	29.7	29.7
29.9	29.8	29.7
29.8	29.7	29.6
29.6	29.6	29.6
29.7	29.6	29.6	
Total
0.00
0.00
0.00
0.00
0.12
0.00
0.21

Time	Temperature (°F)	Dew Point (°F)	Humidity (%)	Wind Speed (mph)	Pressure (in)	Precipitation (in)
Dec
17
18
19
20
21
22
23	
Max	Avg	Min
71	48.8	31
68	50.8	37
68	52.0	35
72	59.0	45
64	61.6	60
71	62.9	59
71	64.4	57	
Max	Avg	Min
42	36.3	30
44	38.8	35
52	40.7	33
59	53.2	44
61	59.9	59
64	61.2	58
66	62.7	57	
Max	Avg	Min
96	68.4	30
93	67.4	37
93	69.1	36
100	82.9	55
100	94.5	87
100	94.5	73
100	94.5	75	
Max	Avg	Min
10	3.4	0
15	7.6	0
13	5.2	0
16	5.9	0
10	5.2	0
8	2.3	0
16	5.9	0	
Max	Avg	Min
29.6	29.5	29.4
29.7	29.6	29.5
29.7	29.6	29.6
29.6	29.6	29.6
29.7	29.6	29.6
29.6	29.6	29.5
29.6	29.4	29.3	
Total
0.00
0.00
0.00
0.00
0.05
0.12
0.00


Time	Temperature (°F)	Dew Point (°F)	Humidity (%)	Wind Speed (mph)	Pressure (in)	Precipitation (in)
Dec
24
25
26
27
28
29
30	
Max	Avg	Min
74	64.1	55
57	47.7	37
59	44.0	31
64	50.1	34
61	46.7	35
61	45.4	36
69	47.8	29	
Max	Avg	Min
65	57.6	45
42	35.7	32
37	34.8	30
40	34.5	26
39	35.8	33
34	31.5	29
36	32.5	27	
Max	Avg	Min
100	82.1	43
96	64.8	44
100	73.9	41
100	60.5	24
93	68.7	44
89	62.2	30
92	60.9	29	
Max	Avg	Min
16	7.8	0
16	8.8	0
14	4.9	0
13	6.5	0
13	5.9	0
12	6.5	0
9	4.5	0	
Max	Avg	Min
29.4	29.3	29.2
29.6	29.5	29.4
29.6	29.5	29.4
29.6	29.5	29.4
29.7	29.6	29.5
29.8	29.7	29.6
29.7	29.6	29.5	
Total
0.19
1.63
0.00
0.00
0.00
0.00
0.00
